DATE	COMPNFB_LOG	COMPRNFB_LOG	ECIBEN_LOG	ECICOM_LOG	ECIWAG_LOG	HOANBS_LOG	IPDNBS_LOG	OPHNFB_LOG	OUTNFB_LOG
1947-01-01	1.98169	3.77666				3.98915	2.92906	3.59704	2.98102
1947-04-01	1.99837	3.77920				3.98922	2.94286	3.62116	3.00524
1947-07-01	2.01982	3.77913				3.99192	2.98639	3.59262	2.97935
1947-10-01	2.04446	3.77584				4.00163	2.98239	3.63302	3.02946
1948-01-01	2.06939	3.77982				4.00799	3.00052	3.63740	3.04023
1948-04-01	2.08368	3.77826				4.00746	3.01656	3.63669	3.03898
1948-07-01	2.10535	3.78326				4.01454	3.03563	3.63811	3.04747
1948-10-01	2.11830	3.80540				4.00524	3.04960	3.64333	3.04338
1949-01-01	2.12298	3.81962				3.98826	3.04319	3.65356	3.03663
1949-04-01	2.12022	3.81791				3.97139	3.03312	3.66387	3.03009
1949-07-01	2.12465	3.83081				3.96083	3.03023	3.68803	3.04371
1949-10-01	2.12418	3.83272				3.95682	3.02665	3.68203	3.03370
1950-01-01	2.14955	3.86119				3.96454	3.02994	3.71603	3.07537
1950-04-01	2.16780	3.87187				3.98893	3.03447	3.72735	3.11111
1950-07-01	2.18695	3.87274				4.01998	3.04500	3.74965	3.16446
1950-10-01	2.21474	3.88049				4.02915	3.06568	3.75122	3.17517
1951-01-01	2.23847	3.86449				4.04582	3.09290	3.75338	3.19405
1951-04-01	2.25790	3.87418				4.05384	3.10615	3.75049	3.19916
1951-07-01	2.27264	3.88941				4.04391	3.11218	3.77315	3.21189
1951-10-01	2.28656	3.88869				4.04437	3.11897	3.77529	3.21451
1952-01-01	2.30048	3.89878				4.05079	3.11998	3.77950	3.22510
1952-04-01	2.30857	3.90427				4.04664	3.12042	3.77776	3.21924
1952-07-01	2.31747	3.90637				4.05380	3.13079	3.77320	3.22183
1952-10-01	2.34267	3.93051				4.08021	3.13884	3.79232	3.26736
1953-01-01	2.35442	3.94507				4.09054	3.14035	3.80004	3.28541
1953-04-01	2.36762	3.95451				4.09229	3.14622	3.80283	3.28993
1953-07-01	2.37834	3.96068				4.08226	3.14935	3.80753	3.28463
1953-10-01	2.38711	3.96768				4.06639	3.15103	3.80323	3.26446
1954-01-01	2.39589	3.97410				4.05286	3.15453	3.80479	3.25250
1954-04-01	2.39699	3.97680				4.04529	3.15538	3.81229	3.25243
1954-07-01	2.40487	3.98730				4.04138	3.15432	3.83010	3.26629
1954-10-01	2.41448	4.00007				4.05384	3.15798	3.84214	3.29079
1955-01-01	2.42223	4.00637				4.06983	3.16315	3.86092	3.32558
1955-04-01	2.43247	4.01802				4.08276	3.16704	3.86369	3.34131
1955-07-01	2.44469	4.02954				4.09309	3.17680	3.86749	3.35543
1955-10-01	2.45685	4.03866				4.10515	3.18602	3.86395	3.36391
1956-01-01	2.47233	4.05401				4.11120	3.19536	3.85098	3.35700
1956-04-01	2.49147	4.06660				4.11336	3.20169	3.85505	3.36325
1956-07-01	2.50683	4.07166				4.10936	3.21402	3.85484	3.35902
1956-10-01	2.52333	4.07965				4.11488	3.21996	3.86535	3.37506
1957-01-01	2.53766	4.08577				4.11578	3.23183	3.87681	3.38740
1957-04-01	2.54757	4.08719				4.11364	3.23762	3.87316	3.38164
1957-07-01	2.56071	4.09147				4.10879	3.24255	3.88738	3.39101
1957-10-01	2.57406	4.10000				4.08787	3.24513	3.89043	3.37314
1958-01-01	2.57787	4.09201				4.06497	3.24921	3.87569	3.33548
1958-04-01	2.58618	4.09363				4.05051	3.24999	3.89480	3.34014
1958-07-01	2.60002	4.10807				4.06235	3.25490	3.91376	3.37094
1958-10-01	2.61029	4.11726				4.07718	3.25936	3.93033	3.40236
1959-01-01	2.61856	4.12385				4.09634	3.26251	3.93284	3.42400
1959-04-01	2.62865	4.13223				4.11529	3.26377	3.94569	3.45581
1959-07-01	2.63541	4.13379				4.11235	3.26633	3.94499	3.45218
1959-10-01	2.64504	4.13740				4.11250	3.27170	3.94284	3.45018
1960-01-01	2.66591	4.15737				4.11865	3.27276	3.96602	3.47952
1960-04-01	2.67180	4.15726				4.12042	3.27537	3.95190	3.46714
1960-07-01	2.67745	4.16238				4.11474	3.27959	3.95384	3.46339
1960-10-01	2.68177	4.16027				4.10540	3.28245	3.94125	3.44151
1961-01-01	2.69070	4.16716				4.09978	3.28365	3.95324	3.44786
1961-04-01	2.70471	4.18152				4.09744	3.28545	3.98153	3.47380
1961-07-01	2.71211	4.18502				4.10330	3.28653	3.99478	3.49289
1961-10-01	2.71925	4.19070				4.11593	3.28676	4.00451	3.51527
1962-01-01	2.73534	4.20290				4.11959	3.29175	4.02102	3.53544
1962-04-01	2.74187	4.20568				4.13145	3.29495	4.01978	3.54605
1962-07-01	2.74874	4.20972				4.12936	3.29643	4.03247	3.55666
1962-10-01	2.75811	4.21668				4.12296	3.29721	4.03910	3.55689
1963-01-01	2.76776	4.22313				4.12904	3.29972	4.04496	3.56883
1963-04-01	2.77296	4.22645				4.13534	3.30031	4.05456	3.58474
1963-07-01	2.78316	4.23055				4.13804	3.30101	4.07475	3.60762
1963-10-01	2.79459	4.23928				4.14578	3.30634	4.07550	3.61612
1964-01-01	2.79386	4.23448				4.16418	3.30868	4.08540	3.64440
1964-04-01	2.80481	4.24381				4.16852	3.31226	4.09172	3.65506
1964-07-01	2.81792	4.25463				4.17491	3.31713	4.09935	3.66908
1964-10-01	2.82530	4.25743				4.18457	3.32096	4.08948	3.66888
1965-01-01	2.82926	4.25830				4.20007	3.32439	4.10382	3.69873
1965-04-01	2.83592	4.25859				4.20993	3.32558	4.10971	3.71447
1965-07-01	2.84630	4.26600				4.21229	3.32959	4.12733	3.73445
1965-10-01	2.86100	4.27543				4.22171	3.33249	4.14599	3.76255
1966-01-01	2.87836	4.28348				4.23605	3.33552	4.15960	3.79049
1966-04-01	2.89398	4.29012				4.24581	3.34625	4.15298	3.79362
1966-07-01	2.90816	4.29567				4.25048	3.35397	4.15436	3.79966
1966-10-01	2.92166	4.30102				4.24778	3.36578	4.16110	3.80370
1967-01-01	2.93449	4.31131				4.24666	3.37091	4.16896	3.81043
1967-04-01	2.95089	4.32168				4.24052	3.37656	4.17265	3.80799
1967-07-01	2.96486	4.32565				4.24380	3.38531	4.17614	3.81476
1967-10-01	2.97909	4.32898				4.24834	3.39498	4.17936	3.82254
1968-01-01	3.00692	4.34702				4.25011	3.40555	4.20154	3.84648
1968-04-01	3.02354	4.35396				4.25966	3.41645	4.21110	3.86560
1968-07-01	3.04008	4.35707				4.26663	3.42302	4.21039	3.87185
1968-10-01	3.05983	4.36450				4.27278	3.43682	4.20849	3.87611
1969-01-01	3.07279	4.36531				4.28211	3.44875	4.21644	3.89339
1969-04-01	3.08877	4.36562				4.29132	3.46003	4.20822	3.89437
1969-07-01	3.10656	4.36976				4.29610	3.46982	4.20910	3.90003
1969-10-01	3.12593	4.37391				4.29306	3.47998	4.20463	3.89251
1970-01-01	3.14432	4.37642				4.28912	3.49073	4.20755	3.89149
1970-04-01	3.16091	4.37912				4.27585	3.50556	4.22274	3.89341
1970-07-01	3.17793	4.38586				4.27076	3.51065	4.23801	3.90359
1970-10-01	3.18871	4.38219				4.26309	3.52498	4.22946	3.88738
1971-01-01	3.20883	4.39392				4.26779	3.53515	4.25878	3.92140
1971-04-01	3.22434	4.40035				4.27101	3.54737	4.26206	3.92790
1971-07-01	3.23860	4.40471				4.27103	3.55692	4.27091	3.93675
1971-10-01	3.24637	4.40516				4.28167	3.56099	4.26247	3.93898
1972-01-01	3.27044	4.42110				4.29378	3.57411	4.27553	3.96414
1972-04-01	3.28346	4.42768				4.30093	3.57772	4.29624	3.99198
1972-07-01	3.29743	4.43367				4.30654	3.58377	4.30225	4.00362
1972-10-01	3.31782	4.44380				4.31693	3.58989	4.31017	4.02192
1973-01-01	3.34399	4.45435				4.33192	3.59550	4.33284	4.05958
1973-04-01	3.35951	4.44915				4.34232	3.60667	4.33372	4.07087
1973-07-01	3.37868	4.44879				4.34905	3.61934	4.32436	4.06824
1973-10-01	3.40023	4.44539				4.35401	3.64257	4.31793	4.06677
1974-01-01	3.42387	4.43967				4.34974	3.66441	4.31585	4.06043
1974-04-01	3.44989	4.43928				4.35235	3.70031	4.31329	4.06048
1974-07-01	3.47813	4.43978				4.34887	3.73079	4.30271	4.04641
1974-10-01	3.50348	4.43487				4.33221	3.76076	4.31190	4.03894
1975-01-01	3.53114	4.44139				4.30033	3.79304	4.31986	4.01501
1975-04-01	3.55105	4.44935				4.29106	3.80788	4.33627	4.02215
1975-07-01	3.56894	4.44735				4.30017	3.82374	4.34781	4.04281
1975-10-01	3.58710	4.44725				4.31718	3.83848	4.34802	4.06003
1976-01-01	3.60889	4.45766				4.33360	3.84998	4.36254	4.09096
1976-04-01	3.62958	4.46944				4.33394	3.86079	4.37194	4.10072
1976-07-01	3.65131	4.47535				4.33792	3.87499	4.37328	4.10601
1976-10-01	3.67234	4.48193				4.34326	3.89280	4.37574	4.11384
1977-01-01	3.68963	4.48106				4.35385	3.90769	4.38094	4.12962
1977-04-01	3.70929	4.48340				4.37275	3.92389	4.38589	4.15348
1977-07-01	3.72880	4.48918				4.38339	3.93701	4.39608	4.17431
1977-10-01	3.74691	4.49265				4.39311	3.95481	4.38261	4.17056
1978-01-01	3.78166	4.51211				4.39772	3.97057	4.38313	4.17568
1978-04-01	3.79263	4.50129				4.42655	3.98544	4.40286	4.22423
1978-07-01	3.80786	4.49894				4.43493	4.00272	4.40258	4.23234
1978-10-01	3.83064	4.50200				4.44698	4.02256	4.40846	4.25027
1979-01-01	3.85953	4.50819				4.45406	4.03980	4.39863	4.24751
1979-04-01	3.88117	4.50380				4.45811	4.06862	4.39567	4.24860
1979-07-01	3.90377	4.49985				4.46645	4.09024	4.39442	4.25570
1979-10-01	3.92866	4.49977				4.46840	4.10992	4.39314	4.25636
1980-01-01	3.95663	4.49679				4.46602	4.13513	4.39694	4.25779
1980-04-01	3.98202	4.49799				4.44842	4.16317	4.38525	4.22850
1980-07-01	4.00730	4.49965				4.44383	4.17873	4.38901	4.22767
1980-10-01	4.03357	4.50207				4.45609	4.20029	4.39974	4.25066
1981-01-01	4.05963	4.50043				4.46159	4.23074	4.41563	4.27204
1981-04-01	4.07686	4.49983				4.46195	4.25096	4.40215	4.25891
1981-07-01	4.09885	4.50195				4.46160	4.27195	4.41094	4.26737
1981-10-01	4.11364	4.49911				4.45774	4.29002	4.39816	4.25074
1982-01-01	4.13897	4.51191				4.44151	4.30302	4.39152	4.22786
1982-04-01	4.14744	4.50986				4.44538	4.31491	4.39363	4.23385
1982-07-01	4.16272	4.50843				4.43827	4.32725	4.39528	4.22838
1982-10-01	4.17563	4.51043				4.42918	4.33787	4.40393	4.22796
1983-01-01	4.18549	4.51389				4.43502	4.34287	4.41609	4.24593
1983-04-01	4.19371	4.51072				4.44613	4.34646	4.43893	4.27988
1983-07-01	4.19897	4.50645				4.46561	4.35675	4.44769	4.30812
1983-10-01	4.20946	4.50749				4.48414	4.36254	4.45238	4.33135
1984-01-01	4.22164	4.50589				4.50315	4.36889	4.45194	4.34992
1984-04-01	4.23093	4.50617				4.51634	4.37749	4.45805	4.36922
1984-07-01	4.24429	4.51183				4.52091	4.38533	4.46229	4.37803
1984-10-01	4.25155	4.51044				4.52749	4.39014	4.46368	4.38599
1985-01-01	4.26350	4.51358				4.53564	4.40089	4.46544	4.39592
1985-04-01	4.27118	4.51255				4.54209	4.40648	4.46806	4.40497
1985-07-01	4.28521	4.52015				4.54480	4.41241	4.48123	4.42086
1985-10-01	4.30270	4.52806				4.54952	4.41547	4.48587	4.43021
1986-01-01	4.31578	4.53599				4.54809	4.42069	4.49848	4.44140
1986-04-01	4.32534	4.55090				4.54574	4.42320	4.50594	4.44650
1986-07-01	4.33672	4.55654				4.55078	4.42667	4.51027	4.45587
1986-10-01	4.34928	4.56261				4.55834	4.43189	4.50758	4.46076
1987-01-01	4.35432	4.55614				4.57025	4.44085	4.50113	4.46621
1987-04-01	4.36103	4.55243				4.57594	4.44518	4.50794	4.47871
1987-07-01	4.37122	4.55325				4.58289	4.45416	4.50774	4.48547
1987-10-01	4.38265	4.55635				4.59316	4.45773	4.51694	4.50493
1988-01-01	4.40026	4.56701				4.59405	4.46594	4.51959	4.50847
1988-04-01	4.41199	4.56811				4.60825	4.47409	4.52299	4.52607
1988-07-01	4.42352	4.56896				4.61097	4.48470	4.52550	4.53130
1988-10-01	4.42995	4.56609				4.62201	4.49284	4.53107	4.54791
1989-01-01	4.43247	4.55884				4.63179	4.50256	4.52653	4.55314
1989-04-01	4.43520	4.54641				4.63578	4.51371	4.53017	4.56078
1989-07-01	4.44317	4.54696				4.63802	4.51970	4.53608	4.56892
1989-10-01	4.45651	4.55172				4.63816	4.52443	4.53702	4.57002
1990-01-01	4.47565	4.55513				4.64053	4.53607	4.54455	4.57990
1990-04-01	4.49696	4.56739				4.63532	4.54738	4.55283	4.58299
1990-07-01	4.51262	4.56668				4.62860	4.55612	4.55701	4.58044
1990-10-01	4.52167	4.56029				4.62366	4.56509	4.54826	4.56675
1991-01-01	4.53033	4.56352				4.61307	4.57573	4.55064	4.55854
1991-04-01	4.54937	4.57816				4.60686	4.58165	4.56546	4.56715
1991-07-01	4.56051	4.58327				4.60565	4.59020	4.57156	4.57205
1991-10-01	4.57155	4.58720				4.60441	4.59426	4.57616	4.57540
1992-01-01	4.59065	4.60068				4.59954	4.59791	4.59273	4.58711
1992-04-01	4.59861	4.60211				4.60355	4.60262	4.60005	4.59843
1992-07-01	4.61373	4.61104				4.60541	4.60697	4.61003	4.61026
1992-10-01	4.61733	4.60676				4.61215	4.61278	4.61756	4.62454
1993-01-01	4.61900	4.60344				4.62076	4.61867	4.61025	4.62584
1993-04-01	4.62273	4.60016				4.63250	4.62287	4.60592	4.63325
1993-07-01	4.62719	4.60029				4.63714	4.62689	4.60982	4.64179
1993-10-01	4.63123	4.59772				4.64530	4.63094	4.61678	4.65692
1994-01-01	4.64272	4.60645				4.64928	4.63437	4.62224	4.66635
1994-04-01	4.64120	4.59960				4.66608	4.63932	4.62134	4.68225
1994-07-01	4.64087	4.59139				4.67795	4.64663	4.61544	4.68821
1994-10-01	4.64653	4.59254				4.68394	4.65039	4.62461	4.70339
1995-01-01	4.65417	4.59418				4.69072	4.65503	4.62124	4.70679
1995-04-01	4.65970	4.59198				4.69129	4.65935	4.62278	4.70891
1995-07-01	4.66569	4.59325				4.70159	4.66229	4.62417	4.72059
1995-10-01	4.67453	4.59781				4.70257	4.66466	4.63170	4.72909
1996-01-01	4.68406	4.59945				4.70098	4.66803	4.64037	4.73618
1996-04-01	4.69353	4.60037				4.70922	4.67173	4.65143	4.75548
1996-07-01	4.70073	4.60225				4.71701	4.67560	4.65466	4.76649
1996-10-01	4.70473	4.59837				4.72927	4.68077	4.65526	4.77937
1997-01-01	4.71097	4.59920				4.74046	4.68703	4.65174	4.78702
1997-04-01	4.71885	4.60483				4.74598	4.69122	4.66336	4.80418
1997-07-01	4.72895	4.61027				4.75158	4.69406	4.67171	4.81812
1997-10-01	4.74659	4.62285				4.75652	4.69732	4.67561	4.82696
1998-01-01	4.76552	4.64039				4.76215	4.69798	4.68129	4.83826
1998-04-01	4.77908	4.65101				4.76647	4.69898	4.68741	4.84872
1998-07-01	4.79482	4.66216				4.76810	4.70174	4.70083	4.86376
1998-10-01	4.79855	4.66174				4.78188	4.70158	4.70857	4.88527
1999-01-01	4.81550	4.67497				4.78217	4.70464	4.71816	4.89516
1999-04-01	4.81770	4.66988				4.78904	4.70822	4.71903	4.90290
1999-07-01	4.82608	4.67050				4.79573	4.71176	4.72726	4.91781
1999-10-01	4.84702	4.68414				4.79889	4.71441	4.74431	4.93803
2000-01-01	4.88333	4.71108				4.80293	4.72228	4.74057	4.93833
2000-04-01	4.88655	4.70659				4.80338	4.72625	4.76292	4.96113
2000-07-01	4.90727	4.71807				4.80326	4.73181	4.76306	4.96115
2000-10-01	4.91317	4.71705				4.79933	4.73588	4.77287	4.96702
2001-01-01	4.93580	4.73008	4.36691	4.44265	4.47278	4.79781	4.74028	4.76957	4.96222
2001-04-01	4.93885	4.72618	4.37576	4.45202	4.48187	4.78740	4.74637	4.78746	4.96968
2001-07-01	4.94223	4.72676	4.38950	4.46245	4.49088	4.77575	4.74671	4.79362	4.96420
2001-10-01	4.95208	4.73776	4.40060	4.47164	4.49981	4.76426	4.74906	4.80772	4.96681
2002-01-01	4.96244	4.74454	4.41037	4.47961	4.50756	4.75569	4.74803	4.82873	4.97925
2002-04-01	4.97194	4.74617	4.42245	4.48976	4.51743	4.75762	4.75373	4.82990	4.98235
2002-07-01	4.97736	4.74629	4.43201	4.49536	4.52179	4.75458	4.75635	4.83923	4.98864
2002-10-01	4.98222	4.74500	4.44265	4.50203	4.52504	4.75578	4.76001	4.83857	4.98917
2003-01-01	4.99823	4.75106	4.46591	4.51525	4.53582	4.74989	4.76424	4.84758	4.99230
2003-04-01	5.01528	4.76972	4.47847	4.52396	4.54116	4.74681	4.76520	4.86056	5.00220
2003-07-01	5.02921	4.77612	4.49312	4.53475	4.55071	4.74821	4.76911	4.88379	5.02684
2003-10-01	5.03752	4.78074	4.50535	4.54116	4.55598	4.75294	4.77151	4.88759	5.03537
2004-01-01	5.03279	4.76747	4.53152	4.55282	4.56122	4.75718	4.77962	4.88976	5.04177
2004-04-01	5.04685	4.77401	4.54754	4.56226	4.56851	4.75772	4.78661	4.89882	5.05137
2004-07-01	5.06283	4.78327	4.55808	4.57161	4.57677	4.76316	4.79474	4.90048	5.05848
2004-10-01	5.07088	4.78058	4.56954	4.57780	4.58190	4.76959	4.80344	4.90257	5.06700
2005-01-01	5.07856	4.78330	4.58497	4.58701	4.58802	4.77173	4.81243	4.91222	5.07878
2005-04-01	5.08592	4.78431	4.59310	4.59310	4.59310	4.77717	4.81963	4.91065	5.08266
2005-07-01	5.09971	4.78367	4.60217	4.60016	4.59915	4.77909	4.83097	4.91774	5.09166
2005-10-01	5.10522	4.77814	4.60817	4.60717	4.60617	4.78594	4.83973	4.91682	5.09759
2006-01-01	5.11860	4.78662	4.61314	4.61314	4.61314	4.79559	4.84522	4.92367	5.11410
2006-04-01	5.12384	4.78394	4.62104	4.62104	4.62104	4.79658	4.85404	4.92509	5.11650
2006-07-01	5.12733	4.77811	4.62986	4.62986	4.62986	4.80122	4.86035	4.92021	5.11626
2006-10-01	5.14904	4.80250	4.63860	4.63764	4.63764	4.80568	4.86251	4.92609	5.12659
2007-01-01	5.16047	4.80456	4.63570	4.64439	4.64727	4.80492	4.87143	4.92903	5.12879
2007-04-01	5.16555	4.79935	4.64631	4.65205	4.65396	4.80712	4.87805	4.93582	5.13777
2007-07-01	5.17220	4.80020	4.65301	4.65966	4.66250	4.80337	4.88069	4.94923	5.14743
2007-10-01	5.18447	4.79847	4.66250	4.66814	4.67002	4.80288	4.88418	4.95414	5.15186
2008-01-01	5.18863	4.79149	4.66814	4.67470	4.67842	4.79873	4.88534	4.95397	5.14754
2008-04-01	5.19192	4.78387	4.67189	4.68120	4.68583	4.79437	4.88936	4.96168	5.15088
2008-07-01	5.20296	4.77995	4.67749	4.68767	4.69226	4.78433	4.90069	4.96149	5.14065
2008-10-01	5.21007	4.80889	4.68120	4.69226	4.69684	4.76255	4.90020	4.96354	5.12092
2009-01-01	5.19806	4.80280	4.68306	4.69410	4.69866	4.73886	4.90681	4.96431	5.09800
2009-04-01	5.19879	4.80022	4.68491	4.69592	4.70048	4.71916	4.90600	4.98034	5.09433
