date	dLP	dY	dk	dhours	dLQ_BLS_interpolated	dLQ_Aaronson_Sullivan	dLQ	alpha	dtfp	dutil	dtfp_util	relativePrice	invShare	dtfp_I	dtfp_C	du_invest	du_consumption	dtfp_I_util	dtfp_C_util
1947_Q2	2.20	1.62	4.14	-0.58	0.47		0.47	0.31	0.39	0.83	-0.44	-4.74	0.18	-3.47	1.27	-0.22	1.07	-3.25	0.20
1947_Q3	-3.01	0.10	3.55	3.11	0.45		0.45	0.31	-3.46	0.85	-4.30	5.64	0.18	1.17	-4.47	0.31	0.96	0.85	-5.44
1947_Q4	4.80	7.84	3.30	3.04	0.43		0.43	0.31	4.42	0.09	4.33	5.50	0.19	8.90	3.40	0.26	0.05	8.65	3.35
1948_Q1	9.22	7.17	3.99	-2.06	0.41		0.41	0.31	7.05	-1.58	8.62	4.87	0.19	11.01	6.14	-0.87	-1.74	11.89	7.88
1948_Q2	8.85	9.00	4.29	0.15	0.30		0.30	0.31	7.35	-3.81	11.15	-4.35	0.18	3.77	8.13	-3.06	-3.97	6.84	12.10
1948_Q3	-1.90	1.77	4.76	3.67	0.20		0.20	0.31	-2.38	-5.85	3.47	-9.42	0.18	-10.07	-0.65	-5.64	-5.89	-4.43	5.24
1948_Q4	2.56	0.00	4.69	-2.56	0.09		0.09	0.31	0.23	-6.76	6.98	-4.92	0.19	-3.78	1.14	-7.48	-6.59	3.70	7.73
1949_Q1	-1.25	-6.89	3.42	-5.64	-0.02		-0.02	0.31	-4.08	-5.83	1.75	-2.03	0.18	-5.74	-3.71	-7.44	-5.47	1.70	1.76
1949_Q2	1.52	-2.13	1.88	-3.65	0.26		0.26	0.32	-0.40	-2.96	2.55	-2.73	0.19	-2.61	0.12	-4.91	-2.49	2.30	2.61
1949_Q3	11.69	5.12	2.42	-6.57	0.53		0.53	0.32	8.47	1.21	7.26	0.08	0.19	8.53	8.45	-0.26	1.55	8.79	6.90
1949_Q4	0.83	-4.30	1.39	-5.13	0.81		0.81	0.32	-1.81	5.40	-7.21	0.49	0.20	-1.41	-1.90	5.22	5.44	-6.64	-7.35
1950_Q1	17.76	18.97	2.03	1.21	1.09		1.09	0.32	16.76	8.21	8.55	-1.45	0.19	15.59	17.04	9.70	7.85	5.89	9.18
1950_Q2	4.15	12.94	2.33	8.79	0.84		0.84	0.32	5.68	9.03	-3.35	-2.21	0.20	3.91	6.12	11.57	8.42	-7.66	-2.30
1950_Q3	6.58	16.74	3.22	10.16	0.59		0.59	0.32	8.44	6.94	1.49	2.58	0.22	10.44	7.86	10.14	6.03	0.30	1.83
1950_Q4	1.86	4.29	5.04	2.42	0.34		0.34	0.32	0.78	3.08	-2.30	-0.99	0.20	-0.01	0.98	5.99	2.35	-6.00	-1.37
1951_Q1	0.15	4.23	4.52	4.08	0.10		0.10	0.32	-0.06	-0.99	0.93	-0.73	0.20	-0.64	0.09	0.76	-1.43	-1.40	1.51
1951_Q2	1.85	3.91	4.69	2.05	0.12		0.12	0.32	0.93	-3.92	4.85	-0.12	0.18	0.83	0.95	-3.52	-4.01	4.35	4.96
1951_Q3	11.37	6.59	4.20	-4.79	0.14		0.14	0.32	8.44	-4.31	12.75	0.40	0.18	8.77	8.37	-5.30	-4.10	14.07	12.46
1951_Q4	-1.48	-0.11	3.51	1.37	0.16		0.16	0.31	-2.26	-2.32	0.06	1.02	0.17	-1.42	-2.44	-4.22	-1.92	2.80	-0.52
1952_Q1	1.57	3.38	3.49	1.82	0.18		0.18	0.31	0.93	0.86	0.07	-3.32	0.18	-1.81	1.51	-1.20	1.30	-0.61	0.21
1952_Q2	3.45	-0.72	2.33	-4.16	0.35		0.35	0.30	1.22	3.54	-2.32	3.51	0.18	4.11	0.60	1.93	3.89	2.18	-3.30
1952_Q3	1.11	2.40	3.44	1.29	0.52		0.52	0.30	0.10	4.09	-3.99	0.48	0.16	0.51	0.02	3.34	4.23	-2.83	-4.21
1952_Q4	5.73	15.36	2.53	9.63	0.69		0.69	0.30	7.38	2.00	5.38	8.54	0.17	14.42	5.89	2.06	1.98	12.37	3.90
1953_Q1	6.13	8.12	2.91	1.99	0.85		0.85	0.30	5.26	-2.02	7.28	-2.86	0.18	2.91	5.78	-1.56	-2.12	4.47	7.90
1953_Q2	3.49	2.94	3.18	-0.56	0.86		0.86	0.30	1.78	-6.28	8.06	-0.73	0.18	1.18	1.91	-5.98	-6.35	7.16	8.26
1953_Q3	-0.05	-3.58	2.89	-3.53	0.86		0.86	0.30	-2.56	-8.92	6.35	3.15	0.18	0.02	-3.13	-9.19	-8.86	9.21	5.73
1953_Q4	-1.26	-7.92	2.49	-6.66	0.86		0.86	0.30	-4.61	-8.67	4.06	0.86	0.18	-3.91	-4.76	-9.62	-8.46	5.72	3.70
1954_Q1	-0.18	-2.67	2.41	-2.50	0.87		0.87	0.30	-2.26	-5.50	3.24	-3.25	0.17	-4.95	-1.70	-6.89	-5.21	1.95	3.51
1954_Q2	5.65	0.10	2.07	-5.55	0.66		0.66	0.31	2.87	-0.57	3.44	4.23	0.18	6.35	2.13	-1.94	-0.27	8.29	2.40
1954_Q3	6.20	4.67	2.02	-1.53	0.45		0.45	0.31	4.80	4.14	0.66	6.14	0.18	9.86	3.72	3.42	4.29	6.44	-0.57
1954_Q4	6.11	8.91	2.31	2.81	0.24		0.24	0.31	6.09	7.06	-0.97	0.85	0.18	6.79	5.94	7.29	7.01	-0.50	-1.07
1955_Q1	5.83	13.18	2.70	7.35	0.04		0.04	0.31	7.25	7.41	-0.16	1.61	0.18	8.56	6.96	8.55	7.16	0.01	-0.20
1955_Q2	3.41	7.58	2.98	4.17	0.06		0.06	0.31	3.74	5.44	-1.70	-0.97	0.19	2.95	3.92	7.26	5.02	-4.31	-1.09
1955_Q3	-0.52	5.50	3.38	6.02	0.08		0.08	0.31	0.24	2.59	-2.35	-2.75	0.20	-1.97	0.78	4.48	2.13	-6.45	-1.35
1955_Q4	-2.59	1.88	3.92	4.47	0.11		0.11	0.31	-2.49	0.09	-2.58	-1.92	0.19	-4.04	-2.12	1.66	-0.29	-5.70	-1.83
1956_Q1	-1.78	-2.85	3.91	-1.07	0.13		0.13	0.31	-3.39	-1.18	-2.21	0.35	0.19	-3.11	-3.45	-0.11	-1.43	-3.00	-2.02
1956_Q2	1.99	3.09	3.41	1.11	0.22		0.22	0.30	1.14	-1.22	2.35	0.69	0.19	1.70	1.01	-0.60	-1.36	2.30	2.36
1956_Q3	-0.06	-1.71	3.32	-1.65	0.30		0.30	0.30	-1.78	-0.69	-1.09	-3.55	0.19	-4.66	-1.12	-0.44	-0.75	-4.22	-0.37
1956_Q4	8.23	7.15	3.29	-1.08	0.39		0.39	0.30	6.64	-0.60	7.24	-4.11	0.19	3.30	7.41	-0.62	-0.60	3.92	8.01
1957_Q1	2.61	2.40	3.11	-0.21	0.48		0.48	0.30	1.27	-1.52	2.80	-0.28	0.19	1.05	1.33	-1.79	-1.46	2.84	2.79
1957_Q2	0.23	-1.96	3.18	-2.20	0.48		0.48	0.30	-1.72	-3.17	1.45	-1.20	0.19	-2.69	-1.49	-3.84	-3.01	1.15	1.52
1957_Q3	4.16	3.83	3.17	-0.33	0.48		0.48	0.30	2.77	-4.69	7.46	2.09	0.19	4.46	2.37	-5.82	-4.43	10.28	6.81
1957_Q4	4.04	-5.38	2.96	-9.43	0.48		0.48	0.30	-0.04	-4.86	4.82	-0.95	0.19	-0.81	0.14	-6.42	-4.50	5.60	4.64
1958_Q1	-3.27	-14.10	2.64	-10.84	0.48		0.48	0.30	-7.70	-2.96	-4.74	-1.76	0.18	-9.15	-7.39	-4.71	-2.58	-4.44	-4.80
1958_Q2	5.70	2.08	1.96	-3.62	0.34		0.34	0.31	3.76	0.80	2.96	1.10	0.17	4.66	3.57	-0.76	1.12	5.42	2.44
1958_Q3	7.36	10.29	1.89	2.93	0.20		0.20	0.31	7.54	4.95	2.59	1.06	0.17	8.42	7.36	4.27	5.09	4.15	2.27
1958_Q4	4.61	10.73	1.94	6.13	0.05		0.05	0.31	5.86	7.99	-2.13	0.77	0.17	6.50	5.73	8.51	7.88	-2.01	-2.16
1959_Q1	3.75	9.84	2.08	6.09	-0.09		-0.09	0.31	5.05	8.52	-3.48	-5.57	0.18	0.46	6.04	10.19	8.16	-9.73	-2.13
1959_Q2	2.20	11.59	2.75	9.39	0.11		0.11	0.31	4.17	5.97	-1.81	-1.44	0.18	2.99	4.42	8.47	5.43	-5.49	-1.01
1959_Q3	2.20	-1.54	2.37	-3.75	0.30		0.30	0.31	0.12	1.48	-1.35	0.52	0.18	0.55	0.03	3.87	0.94	-3.32	-0.91
1959_Q4	0.97	0.61	2.93	-0.37	0.49		0.49	0.31	-0.37	-3.45	3.08	1.46	0.18	0.83	-0.63	-1.93	-3.78	2.75	3.15
1960_Q1	10.90	9.82	3.47	-1.08	0.68		0.68	0.30	9.04	-6.96	16.00	1.07	0.18	9.92	8.85	-6.77	-7.00	16.69	15.85
1960_Q2	-7.93	-3.97	2.82	3.97	0.60		0.60	0.30	-8.00	-7.80	-0.21	1.35	0.18	-6.90	-8.25	-8.94	-7.54	2.04	-0.71
1960_Q3	0.64	0.06	2.84	-0.58	0.52		0.52	0.30	-0.75	-5.86	5.10	2.03	0.18	0.91	-1.12	-7.85	-5.42	8.76	4.30
1960_Q4	-2.93	-7.50	1.66	-4.57	0.43		0.43	0.30	-5.10	-2.14	-2.96	2.58	0.18	-2.98	-5.56	-4.25	-1.69	1.27	-3.87
1961_Q1	4.20	2.03	1.64	-2.17	0.35		0.35	0.30	2.82	1.70	1.12	0.78	0.17	3.47	2.69	0.21	1.99	3.25	0.69
1961_Q2	13.58	8.96	1.83	-4.63	0.59		0.59	0.30	11.25	4.04	7.20	-0.56	0.17	10.78	11.34	3.70	4.11	7.09	7.23
1961_Q3	4.07	6.92	2.41	2.84	0.82		0.82	0.30	3.63	4.24	-0.61	0.15	0.17	3.75	3.60	4.99	4.09	-1.24	-0.48
1961_Q4	4.33	8.20	2.38	3.87	1.06		1.06	0.30	4.05	2.52	1.53	1.55	0.17	5.33	3.78	3.95	2.22	1.38	1.56
1962_Q1	3.84	7.93	2.93	4.09	1.29		1.29	0.31	3.30	-0.09	3.39	2.36	0.17	5.25	2.89	1.39	-0.40	3.87	3.29
1962_Q2	2.42	4.54	2.84	2.12	0.96		0.96	0.31	1.53	-2.29	3.83	0.65	0.18	2.07	1.42	-1.38	-2.49	3.45	3.91
1962_Q3	5.69	3.59	3.11	-2.10	0.64		0.64	0.31	3.62	-3.23	6.85	-0.02	0.18	3.60	3.62	-3.16	-3.25	6.77	6.87
1962_Q4	3.26	0.44	2.96	-2.82	0.32		0.32	0.31	1.23	-2.72	3.95	2.56	0.18	3.33	0.77	-3.43	-2.57	6.76	3.33
1963_Q1	2.83	5.84	3.23	3.02	0.00		0.00	0.31	2.76	-1.25	4.01	0.61	0.18	3.26	2.65	-2.40	-1.00	5.67	3.65
1963_Q2	2.83	5.34	2.92	2.50	0.03		0.03	0.31	2.68	0.32	2.36	-0.55	0.18	2.24	2.78	-0.79	0.57	3.03	2.21
1963_Q3	8.38	8.23	3.10	-0.14	0.06		0.06	0.31	7.32	1.32	6.00	0.07	0.18	7.38	7.31	0.60	1.48	6.78	5.82
1963_Q4	1.05	3.18	3.23	2.13	0.08		0.08	0.31	0.65	1.47	-0.82	1.04	0.18	1.50	0.45	1.30	1.51	0.20	-1.06
1964_Q1	5.48	10.31	3.42	4.83	0.11		0.11	0.32	5.84	1.01	4.83	0.45	0.19	6.21	5.76	1.33	0.94	4.89	4.82
1964_Q2	0.99	4.54	3.50	3.55	0.05		0.05	0.32	0.97	0.48	0.48	1.57	0.19	2.25	0.67	1.08	0.35	1.16	0.33
1964_Q3	3.72	5.92	3.68	2.19	-0.02		-0.02	0.32	3.27	0.36	2.91	2.58	0.19	5.35	2.77	1.03	0.20	4.32	2.58
1964_Q4	-2.10	0.43	3.84	2.53	-0.08		-0.08	0.32	-2.46	0.79	-3.25	2.87	0.19	-0.13	-3.00	1.42	0.64	-1.55	-3.64
1965_Q1	6.81	11.71	4.46	4.90	-0.15		-0.15	0.32	7.05	1.56	5.49	1.53	0.20	8.28	6.75	2.12	1.42	6.16	5.33
1965_Q2	0.37	5.55	4.72	5.18	-0.13		-0.13	0.32	0.61	2.18	-1.58	2.97	0.20	3.00	0.03	2.74	2.05	0.26	-2.02
1965_Q3	9.28	8.59	4.82	-0.69	-0.12		-0.12	0.32	7.61	2.23	5.37	2.33	0.20	9.48	7.14	2.82	2.09	6.66	5.06
1965_Q4	6.36	10.50	4.87	4.14	-0.10		-0.10	0.32	6.20	1.54	4.65	4.51	0.20	9.81	5.30	2.11	1.40	7.71	3.89
1966_Q1	7.13	11.08	5.69	3.95	-0.08		-0.08	0.31	6.64	0.29	6.35	3.26	0.20	9.24	5.98	0.68	0.19	8.56	5.79
1966_Q2	-2.37	0.47	6.07	2.85	0.03		0.03	0.31	-3.40	-1.11	-2.30	2.83	0.20	-1.14	-3.97	-1.07	-1.12	-0.06	-2.85
1966_Q3	0.63	1.40	6.04	0.77	0.15		0.15	0.31	-1.11	-2.19	1.08	2.36	0.20	0.77	-1.59	-2.66	-2.08	3.43	0.49
1966_Q4	3.32	2.42	6.41	-0.90	0.26		0.26	0.31	0.87	-2.67	3.55	1.57	0.20	2.13	0.56	-3.64	-2.43	5.77	2.99
1967_Q1	3.66	3.42	6.38	-0.24	0.37		0.37	0.31	1.35	-2.50	3.85	1.07	0.19	2.21	1.14	-3.81	-2.19	6.02	3.33
1967_Q2	3.28	-0.69	4.98	-3.98	0.15		0.15	0.31	0.41	-1.81	2.22	0.07	0.20	0.47	0.40	-3.18	-1.47	3.65	1.87
1967_Q3	0.22	2.67	4.99	2.46	-0.07		-0.07	0.31	-0.51	-0.90	0.38	-0.01	0.20	-0.52	-0.51	-1.96	-0.64	1.44	0.13
1967_Q4	1.03	2.85	4.37	1.82	-0.30		-0.30	0.31	0.45	0.05	0.40	0.19	0.20	0.60	0.42	-0.42	0.16	1.03	0.25
1968_Q1	8.64	8.99	4.39	0.35	-0.52		-0.52	0.31	7.77	0.88	6.89	2.82	0.20	10.02	7.20	1.12	0.81	8.90	6.38
1968_Q2	4.18	7.26	4.99	3.08	-0.28		-0.28	0.30	3.79	1.50	2.29	2.17	0.20	5.53	3.36	2.40	1.28	3.13	2.09
1968_Q3	0.23	2.45	4.24	2.21	-0.03		-0.03	0.30	-0.35	1.79	-2.14	-0.53	0.20	-0.78	-0.24	3.15	1.44	-3.92	-1.69
1968_Q4	-0.58	1.76	4.32	2.34	0.22		0.22	0.30	-1.32	1.65	-2.97	1.99	0.21	0.26	-1.72	3.13	1.27	-2.87	-2.99
1969_Q1	1.24	6.94	4.74	5.70	0.46		0.46	0.29	1.20	1.00	0.20	2.83	0.21	3.44	0.61	2.26	0.67	1.18	-0.05
1969_Q2	-0.39	0.45	4.75	0.83	0.52		0.52	0.29	-1.89	-0.10	-1.79	3.38	0.21	0.79	-2.59	0.63	-0.29	0.16	-2.30
1969_Q3	1.19	2.37	4.80	1.17	0.58		0.58	0.29	-0.27	-1.46	1.19	2.10	0.20	1.40	-0.70	-1.44	-1.46	2.84	0.77
1969_Q4	-0.99	-2.94	4.54	-1.95	0.65		0.65	0.29	-3.32	-2.65	-0.67	2.04	0.20	-1.69	-3.73	-3.40	-2.46	1.71	-1.27
1970_Q1	1.73	-0.38	4.21	-2.10	0.71		0.71	0.29	-0.60	-3.23	2.64	1.84	0.20	0.87	-0.96	-4.66	-2.88	5.53	1.91
1970_Q2	4.81	0.88	4.39	-3.93	0.36		0.36	0.29	2.15	-2.83	4.98	3.52	0.20	4.97	1.45	-4.79	-2.34	9.76	3.78
1970_Q3	6.81	4.13	4.38	-2.67	0.02		0.02	0.29	4.75	-1.69	6.44	-0.67	0.20	4.21	4.88	-3.72	-1.19	7.93	6.07
1970_Q4	-2.30	-6.15	3.90	-3.85	-0.32		-0.32	0.29	-4.33	-0.07	-4.26	-0.92	0.19	-5.07	-4.16	-1.72	0.32	-3.35	-4.48
1971_Q1	11.49	13.42	4.25	1.93	-0.66		-0.66	0.29	11.28	1.51	9.76	-0.86	0.20	10.58	11.45	0.62	1.73	9.96	9.71
1971_Q2	0.32	2.67	3.84	2.35	-0.41		-0.41	0.30	0.17	2.49	-2.33	2.88	0.20	2.47	-0.40	2.71	2.44	-0.24	-2.85
1971_Q3	4.62	3.53	3.80	-1.09	-0.16		-0.16	0.30	3.27	2.80	0.47	4.95	0.20	7.24	2.28	4.10	2.47	3.13	-0.19
1971_Q4	-3.21	0.84	3.06	4.05	0.10		0.10	0.30	-2.98	2.52	-5.49	4.58	0.20	0.66	-3.92	4.70	1.95	-4.04	-5.87
1972_Q1	3.55	8.86	3.25	5.31	0.35		0.35	0.30	3.92	2.04	1.89	2.95	0.21	6.27	3.32	4.68	1.36	1.59	1.96
1972_Q2	9.88	11.86	4.10	1.98	0.11		0.11	0.30	9.17	1.76	7.41	-0.38	0.20	8.86	9.24	4.33	1.10	4.54	8.14
1972_Q3	1.21	4.29	4.30	3.07	-0.12		-0.12	0.30	0.93	1.84	-0.91	2.11	0.21	2.61	0.50	3.85	1.32	-1.25	-0.82
1972_Q4	4.09	7.69	4.59	3.60	-0.36		-0.36	0.30	4.05	2.13	1.91	6.10	0.21	8.86	2.76	3.25	1.83	5.60	0.92
1973_Q1	7.51	12.84	5.44	5.33	-0.59		-0.59	0.29	7.89	2.18	5.71	3.67	0.22	10.77	7.10	2.33	2.14	8.44	4.96
1973_Q2	1.22	5.50	5.74	4.28	-0.17		-0.17	0.29	0.92	1.58	-0.66	4.13	0.21	4.16	0.03	0.85	1.78	3.32	-1.75
1973_Q3	-5.57	-3.30	5.71	2.27	0.25		0.25	0.29	-6.75	-0.05	-6.70	7.11	0.21	-1.15	-8.27	-1.23	0.27	0.08	-8.53
1973_Q4	1.59	3.95	5.68	2.36	0.67		0.67	0.29	0.15	-2.38	2.53	7.16	0.21	5.83	-1.33	-3.64	-2.05	9.47	0.72
1974_Q1	-5.69	-5.73	5.27	-0.04	1.08		1.08	0.29	-8.02	-4.71	-3.31	5.64	0.20	-3.54	-9.18	-5.83	-4.42	2.29	-4.75
1974_Q2	1.51	0.73	5.04	-0.78	0.79		0.79	0.30	-0.77	-6.50	5.72	-0.69	0.20	-1.32	-0.63	-7.15	-6.33	5.83	5.70
1974_Q3	-3.46	-5.70	4.24	-2.25	0.49		0.49	0.30	-5.74	-6.53	0.79	-2.38	0.21	-7.62	-5.24	-7.12	-6.37	-0.50	1.13
1974_Q4	3.25	-2.73	4.57	-5.99	0.19		0.19	0.30	-0.06	-4.90	4.83	-3.28	0.20	-2.69	0.59	-5.67	-4.70	2.98	5.29
1975_Q1	5.57	-7.34	3.01	-12.90	-0.10		-0.10	0.30	0.80	-2.11	2.91	-2.21	0.20	-0.97	1.24	-3.18	-1.85	2.21	3.09
1975_Q2	6.66	3.39	2.26	-3.27	-0.17		-0.17	0.31	5.09	0.84	4.25	-5.07	0.20	1.03	6.10	-0.36	1.13	1.39	4.96
1975_Q3	4.11	8.19	2.33	4.08	-0.23		-0.23	0.31	4.81	3.03	1.78	2.95	0.20	7.17	4.22	2.01	3.29	5.15	0.92
1975_Q4	0.74	6.45	2.45	5.71	-0.30		-0.30	0.31	1.95	3.86	-1.90	0.40	0.20	2.28	1.87	3.39	3.98	-1.12	-2.11
1976_Q1	5.65	11.40	3.07	5.75	-0.36		-0.36	0.31	6.73	3.29	3.44	-2.13	0.21	5.04	7.17	3.62	3.21	1.42	3.96
1976_Q2	2.65	3.54	3.33	0.89	-0.26		-0.26	0.31	2.08	1.84	0.24	-0.55	0.21	1.64	2.19	2.94	1.56	-1.30	0.63
1976_Q3	0.12	1.98	3.45	1.86	-0.16		-0.16	0.31	-0.26	0.39	-0.65	0.59	0.21	0.20	-0.38	1.87	0.00	-1.66	-0.38
1976_Q4	2.35	3.22	3.19	0.87	-0.06		-0.06	0.31	1.67	-0.47	2.14	-0.02	0.21	1.66	1.68	0.96	-0.85	0.70	2.53
1977_Q1	1.95	5.93	3.52	3.99	0.05		0.05	0.31	2.06	-0.40	2.46	1.56	0.22	3.28	1.72	0.61	-0.68	2.67	2.40
1977_Q2	0.99	9.87	3.93	8.88	0.11		0.11	0.31	2.44	0.41	2.03	3.18	0.22	4.93	1.75	0.90	0.27	4.03	1.48
1977_Q3	5.15	8.27	4.31	3.12	0.17		0.17	0.31	4.66	1.59	3.08	0.22	0.22	4.83	4.62	1.64	1.57	3.19	3.05
1977_Q4	-4.65	-0.61	3.90	4.04	0.24		0.24	0.31	-4.78	2.56	-7.33	0.02	0.22	-4.76	-4.78	2.47	2.58	-7.23	-7.36
1978_Q1	-1.55	0.47	4.15	2.03	0.30		0.30	0.30	-2.41	2.87	-5.28	4.14	0.22	0.82	-3.32	2.95	2.84	-2.12	-6.16
1978_Q2	7.87	19.10	4.20	11.23	0.07		0.07	0.30	9.94	2.35	7.60	2.01	0.22	11.51	9.49	2.75	2.23	8.76	7.26
1978_Q3	0.79	4.04	4.99	3.26	-0.16		-0.16	0.30	0.38	1.09	-0.71	0.98	0.22	1.14	0.16	1.75	0.90	-0.61	-0.74
1978_Q4	1.28	5.61	5.27	4.32	-0.39		-0.39	0.30	1.28	-0.57	1.85	2.94	0.22	3.56	0.63	0.08	-0.76	3.48	1.39
1979_Q1	-2.57	0.20	5.52	2.77	-0.62		-0.62	0.29	-2.94	-2.17	-0.77	1.12	0.22	-2.07	-3.19	-1.87	-2.26	-0.21	-0.94
1979_Q2	-0.81	0.38	5.72	1.19	-0.36	1.20	1.20	0.29	-2.99	-3.29	0.30	4.71	0.22	0.70	-4.01	-3.54	-3.22	4.24	-0.79
1979_Q3	-0.08	3.23	5.29	3.30	-0.09	-0.87	-0.87	0.29	-0.04	-3.54	3.50	3.19	0.22	2.46	-0.74	-4.37	-3.31	6.83	2.57
1979_Q4	-0.94	0.42	5.41	1.36	0.18	-0.28	-0.28	0.29	-1.92	-2.83	0.91	0.30	0.21	-1.69	-1.99	-4.00	-2.52	2.31	0.53
1980_Q1	2.27	0.36	5.29	-1.90	0.44	0.24	0.24	0.29	-0.01	-1.33	1.32	-2.24	0.21	-1.77	0.47	-2.43	-1.03	0.66	1.50
1980_Q2	-4.83	-11.64	5.10	-6.81	0.50	1.05	1.05	0.29	-9.08	0.50	-9.58	-0.96	0.20	-9.85	-8.89	-0.14	0.66	-9.71	-9.54
1980_Q3	0.42	-1.08	3.83	-1.50	0.56	0.99	0.99	0.30	-1.85	2.09	-3.95	1.51	0.21	-0.65	-2.17	2.07	2.10	-2.73	-4.26
1980_Q4	4.22	9.25	4.02	5.03	0.62	0.51	0.51	0.30	4.16	2.77	1.39	4.83	0.21	8.00	3.17	3.29	2.64	4.72	0.53
1981_Q1	7.76	9.92	4.62	2.16	0.67	-0.17	-0.17	0.30	7.13	2.17	4.97	5.48	0.20	11.50	6.02	2.87	1.98	8.63	4.03
1981_Q2	-3.81	-4.46	4.22	-0.66	0.82	0.09	0.09	0.30	-5.35	0.38	-5.73	-0.50	0.20	-5.75	-5.25	0.80	0.27	-6.55	-5.52
1981_Q3	5.26	5.42	4.65	0.16	0.97	0.23	0.23	0.30	3.74	-2.10	5.84	2.98	0.20	6.11	3.13	-2.26	-2.06	8.37	5.19
1981_Q4	-5.78	-7.12	4.38	-1.34	1.11	0.86	0.86	0.30	-8.11	-4.29	-3.82	1.39	0.20	-7.00	-8.39	-5.12	-4.08	-1.88	-4.31
1982_Q1	-2.49	-9.08	3.77	-6.59	1.26	1.70	1.70	0.30	-6.82	-5.22	-1.60	2.63	0.20	-4.73	-7.36	-6.53	-4.88	1.80	-2.48
1982_Q2	1.29	2.28	3.52	1.00	1.02	1.00	1.00	0.30	-0.17	-4.22	4.05	1.12	0.20	0.72	-0.39	-5.68	-3.86	6.40	3.47
1982_Q3	0.11	-2.44	2.86	-2.56	0.79	0.99	0.99	0.30	-2.22	-1.64	-0.58	4.11	0.20	1.08	-3.03	-2.59	-1.41	3.67	-1.62
1982_Q4	3.83	0.17	1.95	-3.66	0.55	0.01	0.01	0.31	2.10	1.90	0.20	2.27	0.20	3.92	1.65	1.81	1.92	2.12	-0.27
1983_Q1	3.73	5.83	1.56	2.10	0.32	1.73	1.73	0.31	2.70	5.21	-2.50	2.27	0.20	4.53	2.26	6.04	5.00	-1.51	-2.74
1983_Q2	7.04	11.06	2.26	4.03	0.25	0.33	0.33	0.31	7.36	6.67	0.69	2.55	0.20	9.39	6.84	8.62	6.17	0.77	0.67
1983_Q3	1.63	9.56	2.97	7.93	0.18	0.24	0.24	0.31	3.02	6.51	-3.49	4.57	0.20	6.66	2.09	8.69	5.95	-2.03	-3.86
1983_Q4	3.41	9.76	4.07	6.35	0.12	0.26	0.26	0.32	3.96	4.50	-0.54	1.81	0.21	5.39	3.57	6.33	4.00	-0.94	-0.43
1984_Q1	1.74	9.44	5.46	7.70	0.05	-0.62	-0.62	0.32	2.87	1.38	1.49	4.43	0.21	6.37	1.94	2.49	1.09	3.88	0.85
1984_Q2	3.38	8.46	5.27	5.09	0.09	-0.42	-0.42	0.32	3.60	-1.70	5.30	2.29	0.21	5.40	3.12	-1.39	-1.78	6.80	4.90
1984_Q3	1.96	3.88	5.27	1.92	0.12	1.16	1.16	0.32	0.10	-3.66	3.76	3.36	0.21	2.75	-0.61	-4.05	-3.55	6.80	2.94
1984_Q4	1.03	3.31	4.88	2.28	0.16	1.32	1.32	0.31	-0.69	-4.16	3.47	2.24	0.22	1.07	-1.17	-4.86	-3.97	5.93	2.79
1985_Q1	1.44	4.50	4.31	3.06	0.20	-1.63	-1.63	0.31	2.18	-3.38	5.56	3.76	0.22	5.13	1.37	-4.03	-3.20	9.16	4.56
1985_Q2	1.60	3.67	4.21	2.08	0.30	2.41	2.41	0.31	-0.73	-1.85	1.13	0.97	0.22	0.03	-0.94	-2.37	-1.71	2.40	0.77
1985_Q3	6.67	7.19	4.31	0.52	0.41	0.21	0.21	0.31	5.37	-0.58	5.95	1.76	0.22	6.74	4.98	-0.86	-0.51	7.60	5.49
1985_Q4	1.56	3.07	4.11	1.51	0.52	0.16	0.16	0.31	0.66	0.09	0.56	0.60	0.21	1.13	0.53	-0.16	0.16	1.29	0.37
1986_Q1	4.07	4.21	4.20	0.14	0.63	-0.19	-0.19	0.31	2.96	0.14	2.82	1.72	0.21	4.31	2.60	-0.33	0.26	4.64	2.33
1986_Q2	2.42	1.49	3.70	-0.93	0.42	0.52	0.52	0.31	0.63	-0.08	0.72	-1.39	0.22	-0.45	0.94	-0.90	0.15	0.46	0.79
1986_Q3	2.07	4.22	3.24	2.15	0.21	0.27	0.27	0.31	1.55	-0.17	1.71	-1.55	0.23	0.34	1.90	-1.24	0.15	1.58	1.75
1986_Q4	-1.22	1.72	2.81	2.94	0.01	0.98	0.98	0.31	-1.86	0.17	-2.04	0.35	0.22	-1.59	-1.94	-0.88	0.48	-0.72	-2.42
1987_Q1	-2.49	2.10	2.95	4.59	-0.20	1.10	1.10	0.31	-2.76	0.86	-3.62	1.03	0.21	-1.94	-2.98	0.18	1.05	-2.12	-4.02
1987_Q2	2.41	4.89	2.81	2.48	0.05	-1.56	-1.56	0.31	3.39	1.50	1.89	0.91	0.22	4.10	3.19	1.48	1.50	2.62	1.69
1987_Q3	0.48	2.98	3.18	2.50	0.29	0.51	0.51	0.31	-0.08	1.73	-1.81	3.13	0.22	2.36	-0.77	2.40	1.54	-0.05	-2.31
1987_Q4	3.53	7.59	4.06	4.06	0.54	1.17	1.17	0.31	2.72	1.29	1.43	-0.88	0.21	2.02	2.90	2.49	0.97	-0.47	1.94
1988_Q1	1.23	1.49	3.96	0.27	0.79	0.05	0.05	0.31	0.05	0.30	-0.24	3.75	0.22	2.98	-0.77	1.70	-0.10	1.28	-0.67
1988_Q2	0.71	6.19	3.95	5.48	0.73	0.69	0.69	0.31	0.70	-0.82	1.53	2.08	0.22	2.33	0.25	0.44	-1.18	1.89	1.43
1988_Q3	0.97	1.74	3.99	0.77	0.68	-0.13	-0.13	0.31	0.06	-1.58	1.64	4.35	0.21	3.48	-0.87	-0.70	-1.82	4.17	0.95
1988_Q4	0.96	5.57	3.94	4.61	0.63	0.59	0.59	0.31	0.76	-1.60	2.37	-0.38	0.22	0.47	0.84	-1.23	-1.71	1.70	2.55
1989_Q1	0.25	4.00	4.03	3.75	0.57	0.83	0.83	0.31	-0.41	-0.92	0.51	3.29	0.21	2.18	-1.11	-1.05	-0.89	3.22	-0.23
1989_Q2	1.89	2.94	3.77	1.05	0.49	2.56	2.56	0.31	-0.72	0.07	-0.80	5.00	0.21	3.20	-1.80	-0.44	0.22	3.64	-2.01
1989_Q3	1.89	3.31	3.48	1.42	0.41	-0.07	-0.07	0.31	1.29	0.83	0.46	1.52	0.22	2.48	0.96	0.07	1.04	2.41	-0.08
1989_Q4	0.52	0.45	3.42	-0.06	0.33	0.30	0.30	0.31	-0.77	0.95	-1.73	0.89	0.21	-0.07	-0.96	0.08	1.19	-0.15	-2.15
1990_Q1	3.77	4.18	2.92	0.41	0.25	0.38	0.38	0.31	2.73	0.38	2.35	3.88	0.21	5.78	1.90	-0.48	0.61	6.26	1.29
1990_Q2	3.55	1.16	3.20	-2.39	0.61	0.25	0.25	0.31	1.66	-0.54	2.20	5.26	0.20	5.84	0.58	-1.32	-0.35	7.16	0.93
1990_Q3	2.29	-0.79	2.98	-3.08	0.98	1.84	1.84	0.31	-0.85	-1.31	0.46	2.45	0.20	1.10	-1.35	-1.90	-1.16	3.00	-0.19
1990_Q4	-3.83	-5.13	2.77	-1.30	1.34	0.01	0.01	0.31	-5.09	-1.46	-3.63	1.42	0.20	-3.96	-5.37	-1.79	-1.37	-2.17	-4.00
1991_Q1	0.83	-3.43	2.80	-4.26	1.70	2.07	2.07	0.31	-2.77	-0.85	-1.93	0.63	0.20	-2.27	-2.90	-0.88	-0.84	-1.39	-2.06
1991_Q2	5.84	3.39	2.25	-2.45	1.62	0.11	0.11	0.31	4.33	0.24	4.09	3.12	0.20	6.84	3.72	0.50	0.18	6.34	3.54
1991_Q3	2.19	1.84	2.09	-0.35	1.53	-0.06	-0.06	0.31	1.48	1.30	0.19	3.49	0.20	4.29	0.80	1.78	1.18	2.51	-0.38
1991_Q4	2.27	1.57	2.08	-0.70	1.44	2.00	2.00	0.31	0.04	1.84	-1.80	1.75	0.19	1.45	-0.30	2.42	1.70	-0.97	-1.99
1992_Q1	7.53	5.33	1.71	-2.20	1.36	-1.46	-1.46	0.30	7.36	1.61	5.75	2.27	0.19	9.19	6.92	2.19	1.47	7.00	5.45
1992_Q2	2.58	4.73	1.89	2.15	1.04	0.43	0.43	0.30	2.36	0.74	1.62	2.74	0.20	4.56	1.82	1.28	0.61	3.28	1.21
1992_Q3	4.05	4.64	2.42	0.58	0.72	1.09	1.09	0.31	2.73	-0.26	3.00	2.57	0.20	4.80	2.23	0.22	-0.38	4.58	2.61
1992_Q4	2.60	5.23	2.72	2.63	0.40	1.65	1.65	0.31	1.43	-0.91	2.35	3.62	0.20	4.33	0.71	-0.41	-1.04	4.74	1.75
1993_Q1	-2.92	-0.07	3.13	2.85	0.08	0.43	0.43	0.31	-3.30	-0.87	-2.44	2.61	0.20	-1.22	-3.83	-0.27	-1.02	-0.95	-2.81
1993_Q2	-1.22	3.14	2.98	4.37	0.27	0.02	0.02	0.31	-0.80	-0.13	-0.67	1.71	0.20	0.56	-1.15	0.58	-0.31	-0.02	-0.84
1993_Q3	0.70	2.56	2.86	1.86	0.46	1.11	1.11	0.32	-0.37	0.89	-1.27	1.41	0.21	0.75	-0.66	1.67	0.69	-0.92	-1.36
1993_Q4	3.65	6.87	2.87	3.22	0.65	0.19	0.19	0.32	3.63	1.70	1.94	1.17	0.21	4.56	3.39	2.39	1.51	2.16	1.88
1994_Q1	1.71	4.61	3.22	2.90	0.83	3.06	3.06	0.32	-0.48	1.83	-2.31	0.93	0.21	0.25	-0.68	2.25	1.72	-2.00	-2.39
1994_Q2	-0.76	6.33	3.57	7.09	0.50	0.22	0.22	0.32	0.21	1.11	-0.90	0.17	0.21	0.34	0.18	1.10	1.11	-0.76	-0.94
1994_Q3	-2.10	2.38	3.39	4.48	0.17	1.30	1.30	0.32	-2.64	-0.18	-2.45	1.71	0.21	-1.29	-3.00	-0.78	-0.02	-0.51	-2.97
1994_Q4	2.95	5.47	3.61	2.53	-0.15	-1.37	-1.37	0.32	3.53	-1.61	5.14	3.54	0.22	6.30	2.76	-2.82	-1.28	9.12	4.04
1995_Q1	-2.19	0.60	3.96	2.80	-0.48	0.75	0.75	0.32	-3.07	-2.67	-0.40	2.17	0.22	-1.37	-3.55	-4.41	-2.19	3.03	-1.36
1995_Q2	0.10	0.70	4.12	0.60	-0.24	1.41	1.41	0.32	-1.99	-3.04	1.05	2.07	0.22	-0.36	-2.44	-5.04	-2.48	4.68	0.04
1995_Q3	0.86	4.36	3.98	3.50	0.01	-0.16	-0.16	0.32	0.81	-2.57	3.38	3.57	0.22	3.60	0.03	-4.55	-2.02	8.15	2.05
1995_Q4	3.54	3.71	3.91	0.17	0.25	1.66	1.66	0.32	1.21	-1.52	2.74	3.67	0.22	4.08	0.41	-3.08	-1.09	7.16	1.50
1996_Q1	3.89	3.38	3.99	-0.50	0.49	0.66	0.66	0.33	1.98	-0.26	2.24	3.71	0.22	4.87	1.16	-1.02	-0.05	5.90	1.21
1996_Q2	4.95	7.89	4.18	2.95	0.52	0.35	0.35	0.33	4.31	0.84	3.47	6.40	0.22	9.31	2.91	1.11	0.76	8.20	2.15
1996_Q3	1.33	4.08	4.49	2.76	0.54	-0.63	-0.63	0.32	1.19	1.54	-0.35	4.09	0.22	4.38	0.29	2.81	1.18	1.56	-0.89
1996_Q4	0.44	5.18	4.52	4.73	0.57	-0.21	-0.21	0.32	0.66	1.75	-1.09	4.63	0.22	4.27	-0.36	3.70	1.19	0.57	-1.56
1997_Q1	-1.30	3.32	4.62	4.63	0.59	1.44	1.44	0.32	-2.28	1.50	-3.78	5.52	0.22	2.02	-3.50	3.59	0.91	-1.57	-4.41
1997_Q2	4.93	6.99	5.46	2.06	0.48	0.22	0.22	0.32	3.70	0.96	2.75	6.66	0.22	8.90	2.24	2.55	0.51	6.35	1.73
1997_Q3	3.80	5.78	5.63	1.97	0.37	-0.07	-0.07	0.31	2.70	0.28	2.42	4.79	0.22	6.42	1.62	0.91	0.10	5.51	1.52
1997_Q4	1.83	3.37	6.32	1.53	0.26	0.94	0.94	0.31	-0.31	-0.33	0.03	5.85	0.22	4.23	-1.62	-0.81	-0.20	5.04	-1.42
1998_Q1	2.15	4.16	6.44	2.01	0.15	-0.76	-0.76	0.31	1.29	-0.72	2.01	6.23	0.23	6.12	-0.12	-1.98	-0.35	8.10	0.23
1998_Q2	1.96	4.03	6.17	2.07	0.22	0.78	0.78	0.31	0.16	-0.74	0.90	5.56	0.23	4.44	-1.12	-2.16	-0.32	6.60	-0.80
1998_Q3	5.63	6.06	6.30	0.44	0.29	0.78	0.78	0.31	3.29	-0.36	3.65	5.50	0.23	7.53	2.03	-1.21	-0.11	8.74	2.13
1998_Q4	3.30	8.50	6.12	5.20	0.36	1.20	1.20	0.30	2.19	0.34	1.85	4.33	0.23	5.50	1.17	0.58	0.27	4.92	0.90
1999_Q1	4.53	3.93	6.37	-0.60	0.43	-0.90	-0.90	0.30	3.05	1.15	1.90	4.70	0.23	6.65	1.95	2.55	0.73	4.10	1.23
1999_Q2	0.43	3.32	6.16	2.88	0.35	1.41	1.41	0.30	-1.54	1.78	-3.32	4.55	0.24	1.92	-2.63	3.91	1.11	-1.99	-3.74
1999_Q3	3.22	5.77	6.34	2.55	0.27	0.34	0.34	0.30	1.85	1.96	-0.10	5.12	0.24	5.74	0.61	4.06	1.28	1.68	-0.67
1999_Q4	6.44	8.14	6.51	1.70	0.19	0.00	0.00	0.30	5.01	1.55	3.46	4.10	0.24	8.14	4.04	2.86	1.15	5.29	2.89
2000_Q1	-1.24	0.51	5.73	1.74	0.10	0.73	0.73	0.29	-2.93	0.66	-3.59	5.11	0.25	0.92	-4.18	0.68	0.65	0.24	-4.84
2000_Q2	9.26	9.08	6.26	-0.19	0.20	-0.63	-0.63	0.29	7.82	-0.44	8.26	3.57	0.24	10.53	6.96	-1.69	-0.04	12.22	7.00
2000_Q3	0.10	0.11	6.39	0.01	0.29	1.68	1.68	0.29	-2.96	-1.37	-1.58	3.81	0.24	-0.07	-3.87	-3.43	-0.72	3.36	-3.15
2000_Q4	4.40	2.20	6.07	-2.20	0.38	-1.79	-1.79	0.29	3.24	-1.85	5.10	4.21	0.24	6.44	2.24	-4.01	-1.17	10.46	3.41
2001_Q1	-1.48	-2.07	5.38	-0.60	0.47	2.84	2.84	0.29	-5.24	-1.78	-3.46	6.97	0.24	0.06	-6.91	-3.41	-1.27	3.48	-5.64
2001_Q2	6.91	2.67	5.04	-4.24	0.52	-0.01	-0.01	0.29	4.18	-1.28	5.46	6.68	0.23	9.32	2.64	-2.09	-1.04	11.41	3.69
2001_Q3	2.49	-2.29	4.04	-4.78	0.57	1.72	1.72	0.30	-1.33	-0.66	-0.67	3.99	0.23	1.75	-2.24	-0.71	-0.64	2.46	-1.60
2001_Q4	6.02	1.84	3.13	-4.18	0.61	-0.17	-0.17	0.30	3.97	-0.18	4.15	3.03	0.23	6.29	3.26	0.15	-0.28	6.14	3.54
2002_Q1	7.04	3.92	3.02	-3.12	0.66	-0.28	-0.28	0.30	5.42	0.00	5.41	3.50	0.23	8.12	4.62	0.33	-0.09	7.79	4.71
2002_Q2	1.30	1.83	2.83	0.53	0.57	1.26	1.26	0.30	-0.27	-0.06	-0.21	4.96	0.23	3.57	-1.39	0.05	-0.09	3.52	-1.30
2002_Q3	4.29	2.90	2.63	-1.40	0.48	0.35	0.35	0.30	2.84	-0.17	3.01	4.24	0.23	6.12	1.87	-0.20	-0.16	6.32	2.04
2002_Q4	-0.34	0.37	2.62	0.71	0.39	-0.18	-0.18	0.30	-0.79	-0.13	-0.66	3.83	0.22	2.19	-1.64	-0.03	-0.16	2.21	-1.47
2003_Q1	3.80	1.36	2.17	-2.44	0.30	-0.36	-0.36	0.31	2.63	0.12	2.51	6.63	0.22	7.82	1.19	0.64	-0.02	7.18	1.21
2003_Q2	6.33	4.17	2.07	-2.16	0.14	1.02	1.02	0.31	4.31	0.48	3.83	4.55	0.22	7.86	3.31	1.48	0.20	6.38	3.11
2003_Q3	8.08	9.36	2.26	1.28	-0.03	0.63	0.63	0.31	7.34	0.71	6.63	5.47	0.22	11.60	6.13	1.96	0.35	9.63	5.78
2003_Q4	0.88	2.95	2.75	2.07	-0.19	0.56	0.56	0.32	0.28	0.59	-0.30	4.47	0.22	3.77	-0.70	1.66	0.28	2.11	-0.99
2004_Q1	2.26	3.51	3.01	1.25	-0.36	-0.61	-0.61	0.32	2.11	0.07	2.04	4.82	0.22	5.89	1.07	0.50	-0.05	5.39	1.11
2004_Q2	2.76	3.22	2.86	0.46	-0.17	0.41	0.41	0.32	1.71	-0.66	2.37	4.06	0.22	4.89	0.83	-1.10	-0.54	5.99	1.37
2004_Q3	0.85	3.01	2.93	2.16	0.02	-1.30	-1.30	0.32	1.48	-1.26	2.75	5.83	0.22	6.04	0.21	-2.46	-0.93	8.50	1.14
2004_Q4	2.36	3.79	3.19	1.43	0.21	1.89	1.89	0.32	0.51	-1.41	1.93	4.35	0.22	3.91	-0.44	-2.93	-0.99	6.84	0.55
2005_Q1	3.19	4.45	3.46	1.26	0.40	1.16	1.16	0.33	1.69	-0.97	2.65	3.44	0.22	4.38	0.94	-2.25	-0.61	6.62	1.55
2005_Q2	-1.32	1.69	2.94	3.00	0.31	-1.00	-1.00	0.33	-0.62	-0.05	-0.58	3.57	0.22	2.16	-1.41	-0.67	0.13	2.83	-1.53
2005_Q3	3.20	3.63	2.97	0.43	0.22	-0.52	-0.52	0.33	2.72	1.00	1.72	8.68	0.22	9.51	0.83	1.15	0.96	8.36	-0.13
2005_Q4	0.05	2.23	3.31	2.18	0.13	1.15	1.15	0.33	-1.10	1.78	-2.87	4.73	0.21	2.63	-2.10	2.51	1.58	0.12	-3.68
2006_Q1	2.75	6.26	3.08	3.51	0.04	0.45	0.45	0.33	2.58	2.04	0.55	3.00	0.22	4.93	1.94	2.97	1.78	1.96	0.15
2006_Q2	0.60	1.43	3.44	0.83	0.29	0.24	0.24	0.33	-0.42	1.80	-2.22	4.98	0.21	3.50	-1.48	2.59	1.59	0.91	-3.07
2006_Q3	-2.27	-0.36	3.32	1.91	0.54	0.54	0.54	0.33	-3.10	1.33	-4.42	4.29	0.21	0.28	-4.02	1.82	1.19	-1.54	-5.21
2006_Q4	2.06	3.96	3.12	1.91	0.80	-0.66	-0.66	0.33	2.10	0.94	1.16	2.55	0.21	4.11	1.56	1.25	0.85	2.86	0.71
2007_Q1	0.90	0.80	2.94	-0.10	1.05	0.37	0.37	0.33	-0.36	0.84	-1.21	5.68	0.21	4.12	-1.57	1.22	0.74	2.90	-2.31
2007_Q2	3.44	3.40	2.85	-0.04	0.70	1.06	1.06	0.33	1.76	0.98	0.78	4.10	0.21	5.00	0.90	1.61	0.82	3.39	0.09
2007_Q3	5.39	3.65	2.87	-1.74	0.36	1.74	1.74	0.34	2.69	1.07	1.62	3.64	0.21	5.57	1.93	1.92	0.85	3.66	1.08
2007_Q4	1.59	2.07	2.85	0.48	0.02	-1.09	-1.09	0.34	1.52	0.73	0.79	2.74	0.21	3.69	0.95	1.52	0.52	2.16	0.42
2008_Q1	0.17	-1.30	3.05	-1.47	-0.32	2.79	2.79	0.34	-3.20	-0.24	-2.97	1.39	0.21	-2.10	-3.49	0.08	-0.32	-2.19	-3.17
2008_Q2	3.03	1.09	2.85	-1.94	-0.24	-0.07	-0.07	0.34	1.47	-1.72	3.19	0.97	0.20	2.24	1.27	-2.20	-1.59	4.44	2.87
2008_Q3	0.25	-3.79	2.75	-4.04	-0.16	0.59	0.59	0.33	-2.41	-3.26	0.85	3.96	0.20	0.76	-3.19	-4.62	-2.93	5.38	-0.26
2008_Q4	0.84	-7.52	2.37	-8.36	-0.08	0.76	0.76	0.33	-3.25	-4.29	1.04	-0.49	0.19	-3.65	-3.16	-6.22	-3.84	2.57	0.68
2009_Q1	0.17	-9.11	1.34	-9.28	-0.04	1.70	1.70	0.33	-4.51	-4.32	-0.20	3.53	0.18	-1.63	-5.16	-6.29	-3.88	4.66	-1.28
2009_Q2	6.34	-1.43	-0.12	-7.77	-0.01	1.88	1.88	0.33	2.53	-3.23	5.76	-0.16	0.18	2.40	2.56	-4.67	-2.91	7.06	5.47

